&shape
    ishape = 2
    isol = 0
    ellip = 2.761896
    tria = 0.50697
    quad = -0.101006
    imesh = 2
    xr1 = 1.0
    sig1 = 0.003
    ias = 1
    mharm = 32
    xr2 = 0.9863505419902503
    sig2 = 0.027298916019499304
    mfm = 64
    fm = 2.7117798649516005, -0.0, -0.0696978504643972, -0.011253658910700952,
         -0.4525017655593839, -0.003016342826586836, 0.10839503752396736,
         0.002536740785868302, 0.11184630117846285, 0.0018324578784737807,
         -0.07004714190375488, -0.00169772493401774, -0.012633510163836278,
         -0.002463064444939895, 0.048571512491477495, 0.00018737363225961268,
         -0.008369132801285584, 0.0006447081991358069, -0.0245000111362564,
         -0.0006512639568292534, 0.013742640460387631, 5.0374535157710304e-05,
         0.008498896151977315, 0.0006567593842564714, -0.012835921142040754,
         -0.0002880064376760344, 4.415964994186491e-05, -0.0003034302328289091,
         0.009139105700700166, 0.00035781222480495703, -0.003973204227387297,
         -0.00012360725664130944, -0.004916537395054925, -0.0001323613994265989,
         0.004659209799663643, 0.00023567114138223569, 0.0014846586106021073,
         -0.00012983843351913336, -0.003911043879877597, -0.00019293310880016463,
         0.00042054407343723797, 0.00027535473149836894, 0.0025760746935231363,
         4.4352284070425865e-05, -0.0011888880103156413, -0.0003568354391107106,
         -0.0013929663075762445, 0.00014683172615372785, 0.0013615123448623171,
         0.00032802773300089365, 0.000389960877776218, -0.0003978528940878325,
         -0.0011028907623934017, -0.00012642941131544452, 7.314329488996492e-05,
         0.0007043508208864054, 0.0006091418962405111, -0.00019818102577059726,
         -0.00012138994185282605, -0.0005500728589323539, -0.00036317718752297166,
         0.00047673851043146965, 1.7293834742012205e-05, 0.00026662028832325337
/

&profile
    icur = 2
    ipai = 18
    igam = 5
    aga = 0.0
    ega = -1.0
    npts = 501
    apf = 0.5689225904836194
    bpf = 0.8
    cpf = 3.0
    zjz = 1.1, 1.097301350450338, 1.094605403605411, 1.0919121621774197,
          1.0892216288867473, 1.0865338064619985, 1.083848697640043, 1.0811663051660567,
          1.0784866317935635, 1.0758096802844783, 1.0731354534091488, 1.0704639539463998,
          1.067795184683575, 1.065129148416582, 1.0624658479499347, 1.0598052860968,
          1.0571474656790394, 1.0544923895272562, 1.0518400604808393, 1.0491904813880097,
          1.0465436551058662, 1.0438995845004309, 1.0412582724466963, 1.0386197218286723,
          1.0359839355394336, 1.0333509164811665, 1.0307206675652172, 1.0280931917121405,
          1.0254684918517485, 1.0228465709231582, 1.0202274318748428, 1.0176110776646803,
          1.0149975112600038, 1.0123867356376517, 1.0097787537840197, 1.0071735686951102,
          1.004571183376586, 1.0019716008438204, 0.9993748241219511, 0.9967808562459317,
          0.9941897002605864, 0.9916013592206623, 0.9890158361908841, 0.9864331342460084,
          0.983853256470878, 0.9812762059604785, 0.9787019858199926, 0.976130599164857,
          0.9735620491208188, 0.9709963388239922, 0.9684334714209162, 0.9658734500686128,
          0.9633162779346449, 0.9607619581971749, 0.9582104940450245, 0.9556618886777339,
          0.9531161453056227, 0.9505732671498499, 0.948033257442475, 0.9454961194265199,
          0.9429618563560314, 0.9404304714961427, 0.9379019681231378, 0.935376349524514,
          0.9328536189990468, 0.9303337798568543, 0.9278168354194618, 0.9253027890198686,
          0.9227916440026129, 0.9202834037238399, 0.9177780715513675, 0.9152756508647557,
          0.9127761450553744, 0.9102795575264715, 0.9077858916932435, 0.9052951509829059,
          0.9028073388347619, 0.900322458700276, 0.8978405140431445, 0.8953615083393673,
          0.8928854450773229, 0.8904123277578406, 0.8879421598942747, 0.8854749450125803,
          0.8830106866513876, 0.8805493883620792, 0.8780910537088658, 0.8756356862688648,
          0.8731832896321774, 0.8707338674019676, 0.8682874231945414, 0.8658439606394279,
          0.863403483379459, 0.860965995070851, 0.8585314993832869, 0.8561000000000001,
          0.8536715006178563, 0.8512460049474393, 0.8488235167131353, 0.8464040396532189,
          0.8439875775199395, 0.841574134079609, 0.8391637131126892, 0.8367563184138813,
          0.8343519537922148, 0.8319506230711384, 0.8295523300886114, 0.8271570786971953,
          0.8247648727641463, 0.8223757161715102, 0.819989612816215, 0.8176065666101682,
          0.8152265814803519, 0.8128496613689202, 0.8104758102332967, 0.8081050320462742,
          0.8057373307961133, 0.8033727104866444, 0.8010111751373681, 0.7986527287835579,
          0.7962973754763643, 0.7939451192829183, 0.7915959642864376, 0.7892499145863323,
          0.7869069742983126, 0.7845671475544962, 0.782230438503519, 0.7798968513106448,
          0.7775663901578762, 0.7752390592440677, 0.7729148627850388, 0.7705938050136891,
          0.7682758901801132, 0.7659611225517173, 0.7636495064133384, 0.7613410460673617,
          0.7590357458338419, 0.7567336100506237, 0.7544346430734645, 0.752138849276158,
          0.7498462330506592, 0.7475567988072105, 0.7452705509744681, 0.7429874939996315,
          0.7407076323485733, 0.7384309705059693, 0.7361575129754314, 0.7338872642796417,
          0.7316202289604865, 0.7293564115791931, 0.7270958167164676, 0.7248384489726338,
          0.7225843129677736, 0.7203334133418686, 0.718085754754944, 0.7158413418872125,
          0.713600179439221, 0.7113622721319983, 0.7091276247072043, 0.7068962419272804,
          0.7046681285756016, 0.702443289456631, 0.7002217293960749, 0.6980034532410393,
          0.6957884658601892, 0.6935767721439086, 0.691368377004463, 0.6891632853761613,
          0.6869615022155241, 0.684763032501448, 0.682567881235376, 0.6803760534414678,
          0.6781875541667723, 0.6760023884814024, 0.67382056147871, 0.6716420782754651,
          0.6694669440120359, 0.6672951638525698, 0.6651267429851782, 0.6629616866221222,
          0.6608, 0.6586416883799378, 0.6564867570477813, 0.6543352113142894,
          0.652187056515332, 0.6500422980120869, 0.6479009411912415, 0.6457629914651956,
          0.643628454272266, 0.6414973350768949, 0.6393696393698591, 0.6372453726684824,
          0.6351245405168502, 0.6330071484860267, 0.6308932021742742, 0.6287827072072754,
          0.6266756692383573, 0.6245720939487192, 0.6224719870476622, 0.6203753542728212,
          0.618282201390401, 0.616192534195413, 0.6141063585119166, 0.6120236801932627,
          0.6099445051223398, 0.607868839211823, 0.6057966884044275, 0.6037280586731618,
          0.6016629560215878, 0.5996013864840812, 0.5975433561260961, 0.5954888710444328,
          0.5934379373675092, 0.5913905612556338, 0.5893467489012847, 0.5873065065293895,
          0.5852698403976102, 0.583236756796631, 0.5812072620504495, 0.5791813625166723,
          0.5771590645868134, 0.5751403746865966, 0.573125299276262, 0.5711138448508759,
          0.5691060179406454, 0.5671018251112354, 0.5651012729640915, 0.563104368136766,
          0.5611111173032479, 0.559121527174298, 0.5571356044977874, 0.5551533560590411,
          0.5531747886811855, 0.5511999092255009, 0.5492287245917782, 0.5472612417186808,
          0.5452974675841108, 0.5433374092055803, 0.5413810736405872, 0.5394284679869973,
          0.5374795993834294, 0.5355344750096479, 0.5335931020869586, 0.5316554878786118,
          0.529721639690209, 0.5277915648701168, 0.5258652708098854, 0.5239427649446735,
          0.5220240547536783, 0.5201091477605725, 0.5181980515339464, 0.5162907736877571,
          0.5143873218817834, 0.5124877038220864, 0.5105919272614792, 0.5086999999999999,
          0.5068119298853941, 0.5049277248136023, 0.503047392729256, 0.50117094162618,
          0.49929837954790196, 0.4974297145881695, 0.49556495489147556,
          0.49370410865359027, 0.4918471841221017, 0.48999418959696406,
          0.488145133431054, 0.4863000240307358, 0.4844588698564344, 0.4826216794232174,
          0.4807884613013858, 0.4789592241170738, 0.4771339765528575, 0.47531272734837327,
          0.4734954853009455, 0.47168225926622376, 0.4698730581588306, 0.46806789095301865,
          0.46626676668333855, 0.46446969444531705, 0.4626766833961462,
          0.46088774275538347, 0.4591028818056623, 0.45732210989341515,
          0.4555454364296076, 0.4537728708904843, 0.452004422818327, 0.4502401018222256,
          0.44847991757886096, 0.446723879833301, 0.4449719983998104, 0.44322428316267304,
          0.44148074407702886, 0.4397413911697243, 0.4380062345401774, 0.4362752843612572,
          0.43454855088017874, 0.432826044419413, 0.43110777537761236, 0.42939375423055254,
          0.42768399153209047, 0.42597849791513936, 0.42427728409266025,
          0.4225803608586719, 0.4208877390892777, 0.4191994297437117, 0.41751544386540307,
          0.4158357925830593, 0.41416048711176984, 0.4124895387541292, 0.4108229589013808,
          0.40916075903458227, 0.4075029507257911, 0.4058495456392742, 0.40420055553273815,
          0.40255599225858363, 0.4009158677651837, 0.39928019409818566,
          0.3976489834018382, 0.396022247920344, 0.39439999999923825, 0.3927822520867943,
          0.39116901673545634, 0.38956030660330027, 0.387956134455524, 0.3863565131659663,
          0.3847614557186567, 0.38317097520939664, 0.3815850848473716, 0.3800037979567972,
          0.3784271279785979, 0.3768550884721206, 0.37528769311688404, 0.37372495571436337,
          0.3721668901898135, 0.3706135105941295, 0.36906483110574695, 0.36752086603258294,
          0.36598162981401783, 0.3644471370229201, 0.3629174023677152, 0.3613924406944987,
          0.35987226698919683, 0.35835689637977325, 0.3568463441384855,
          0.35534062568419156, 0.3538397565847081, 0.35234375255922135,
          0.350852629480753, 0.3493664033786821, 0.3478850904413243, 0.34640870701857107,
          0.34493726962458915, 0.3434707949405825, 0.34200929981761974,
          0.3405528012795266, 0.33910131652584663, 0.3376548629348717, 0.33621345806674435,
          0.3347771196666333, 0.3333458656679846, 0.33191971419584954, 0.33049868357029255,
          0.3290827923098793, 0.32767205913524783, 0.32626650297276427,
          0.3248661429582649, 0.3234709984408852, 0.32208108898697896, 0.3206964343841265,
          0.319317054645235, 0.3179429700127302, 0.31657420096283984, 0.31521076820996946,
          0.31385269271116856, 0.3124999956706867, 0.3111526985446168, 0.3098108230456219,
          0.3084743911477422, 0.3071434250912751, 0.3058179473877215, 0.30449798082478946,
          0.3031835484714418, 0.3018746736829744, 0.3005713801061073, 0.29927369168406603,
          0.2979816326616281, 0.29669522759010114, 0.29541450133219777,
          0.29413947906675847, 0.292870186293271, 0.29160664883612053, 0.29034889284849524,
          0.2890969448158557, 0.28785083155886304, 0.2866105802356393, 0.285376218343211,
          0.2841477737179656, 0.28292527453491584, 0.2817087493055381, 0.28049822687391474,
          0.279293736410869, 0.27809530740574334, 0.27690296965543515, 0.27571675325027106,
          0.27453668855629226, 0.273362806193541, 0.2721951370100172, 0.27103371205114446,
          0.2698785625249074, 0.26872971976338045, 0.2675872151822865, 0.26645108024168734,
          0.2653213464131717, 0.2641980451623486, 0.26308120796058115, 0.26197086634742406,
          0.26086705207612293, 0.25976979739007394, 0.2586791355000443,
          0.2575951013623945, 0.25651773290034013, 0.2554470728669171, 0.25438317162404284,
          0.253326091211959, 0.25227591121328174, 0.25123273708242383, 0.2501967118213024,
          0.24916803214303274, 0.24814697058314547, 0.24713390539759278,
          0.24612936053046644, 0.2451340584395401, 0.24414898912568841,
          0.24317549930547958, 0.2422154062661732, 0.24127114150668652,
          0.24034592973847296, 0.23944400912054983, 0.2385708986383533,
          0.23773371819401348, 0.23694156612819506, 0.23620595740318204,
          0.2355413234043609, 0.23496557113411512, 0.23450069537558646,
          0.23417343213526065, 0.2340159353394988, 0.234066451454644, 0.23436995862510301,
          0.2349787284068576, 0.2359527596810864, 0.23736002647019594, 0.23927647488324505,
          0.24178570013173303, 0.2449782333861003, 0.24895037109902357,
          0.2538024871445449, 0.25963678139545454, 0.26655443761606373,
          0.27465218886833087, 0.28401831967122754, 0.2947281700786107,
          0.3068392462878634, 0.32038608348321185, 0.3353750470178263, 0.35177929505759686,
          0.369534156553987, 0.38853319997474306, 0.40862527788096004, 0.4296128278727534,
          0.4512516898800514, 0.4732526621931334, 0.49528496371049335, 0.5169816980856956,
          0.5379473279543193, 0.5577670660963118, 0.5760179779229593, 0.5922814698687793,
          0.6061567165945534, 0.6172744642900969, 0.6253105488691677, 0.6299984008182097,
          0.6311397894354154, 0.6286131040627099, 0.6223785892820076, 0.6124801448261106,
          0.5990435541194683, 0.5822712873947835, 0.5624342949959139, 0.53986142153321,
          0.514927200374182, 0.4880388185412781, 0.45962298475716257, 0.43011331611560555,
          0.3999387181498037, 0.3695131056691833, 0.3392267361605425, 0.3094394826508123,
          0.2804769554657322, 0.25263774589043625
/

&phys
    idete = 7
    iscalejz = 30
    neosig = .true.
    b = 0.001
    xiab = 3.283066114399931
    bvac = 0.52
    rvac = 0.8468402
    eps = 0.6458240881809815
    scalemix = 0.7
    zjzsmooth = 0.0
    bsmultip = 1.0
    zeff = 2.0
    zimp = 6.0
    corep = 0.0
    betap = -1
    bkeep = .true.
    bsmodel = 5
    efitsig = .false.
    ifastsca = .true.
    safemode = .true.
    coreneo = 0.1
    amain = 2.0
    zmain = 1.0
    ade = 2.8679463135580683
    bde = 1.4986487194895743
    cde = 0.1
    dde = 1.004552659895271
    ede = 0.05089468020945788
    fde = 0.9491053197905421
    gde = 1.1
    hde = 1.1
    ide = 0.97879243
    ate = 0.08568999019554618
    bte = 0.05
    cte = 1.006565988181221
    ddte = 0.9863505419902503
    ete = 0.027298916019499304
    fte = 0.9727010839805007
    gte = 1.2
    hte = 1.4
    ite = 0.94787903
    ati = 0.0
    bti = 0.0
    cti = 1.006565988181221
    ddti = 0.0
    eti = 0.0
    fti = 0.0
    gti = 0.0
    hti = 0.0
    iti = 0.94787903
    adaptit = 0.0
    minbserr = 1e-05
/

&num
    nr = 201
    np = 129
    nrmap = 301
    npmap = 1025
    nchi = 1024
    niter = 50
    nmesh = 100
    amix = 0.0
    nrcur = 100
    npcur = 33
    errcur = 1e-11
/

&pri
    npr1 = 1
    npr2 = 1
/

&plot
    npl1 = 1
/

&ball
    nqb = 1
/
