  00000DUM  2 0 6              ;-SHOT #- F(X,Y) DATA -UFILELIB- 00Jan0000
                               ;-SHOT DATE-  UFILES ASCII FILE SYSTEM
   0                           ;-NUMBER OF ASSOCIATED SCALAR QUANTITIES-
 RHOTOR              -         ;-INDEPENDENT VARIABLE LABEL: X-
 TIME                SECONDS   ;-INDEPENDENT VARIABLE LABEL: Y-
 TE                  eV        ;-DEPENDENT VARIABLE LABEL-
 0                             ;-PROC CODE- 0:RAW 1:AVG 2:SM. 3:AVG+SM
        299                    ;-# OF X PTS-
          1                    ;-# OF Y PTS-   X,Y,F(X,Y) DATA FOLLOW:
  0.687006E-02 0.137261E-01 0.205540E-01 0.274148E-01 0.343194E-01 0.412491E-01
  0.481829E-01 0.551142E-01 0.620491E-01 0.689960E-01 0.759600E-01 0.829421E-01
  0.899426E-01 0.969628E-01 0.104006E+00 0.111074E+00 0.118172E+00 0.125302E+00
  0.132468E+00 0.139671E+00 0.146917E+00 0.154209E+00 0.161552E+00 0.168949E+00
  0.176406E+00 0.183928E+00 0.191520E+00 0.199187E+00 0.206934E+00 0.214766E+00
  0.222687E+00 0.230702E+00 0.238816E+00 0.247034E+00 0.255360E+00 0.263799E+00
  0.272359E+00 0.281043E+00 0.289858E+00 0.298811E+00 0.307909E+00 0.317159E+00
  0.326568E+00 0.336146E+00 0.345900E+00 0.355841E+00 0.365979E+00 0.376325E+00
  0.386890E+00 0.397689E+00 0.408733E+00 0.420039E+00 0.431623E+00 0.443503E+00
  0.455697E+00 0.468226E+00 0.481115E+00 0.494387E+00 0.508071E+00 0.522197E+00
  0.536800E+00 0.551917E+00 0.567591E+00 0.583870E+00 0.600808E+00 0.618467E+00
  0.636919E+00 0.656243E+00 0.676512E+00 0.697674E+00 0.719054E+00 0.738632E+00
  0.754409E+00 0.766465E+00 0.775861E+00 0.783475E+00 0.789868E+00 0.795389E+00
  0.800262E+00 0.804637E+00 0.808619E+00 0.812281E+00 0.815681E+00 0.818860E+00
  0.821852E+00 0.824682E+00 0.827372E+00 0.829939E+00 0.832398E+00 0.834759E+00
  0.837033E+00 0.839230E+00 0.841356E+00 0.843417E+00 0.845420E+00 0.847369E+00
  0.849269E+00 0.851123E+00 0.852935E+00 0.854708E+00 0.856446E+00 0.858149E+00
  0.859821E+00 0.861464E+00 0.863080E+00 0.864670E+00 0.866236E+00 0.867779E+00
  0.869301E+00 0.870804E+00 0.872287E+00 0.873753E+00 0.875202E+00 0.876636E+00
  0.878055E+00 0.879459E+00 0.880851E+00 0.882230E+00 0.883597E+00 0.884954E+00
  0.886299E+00 0.887635E+00 0.888962E+00 0.890280E+00 0.891589E+00 0.892891E+00
  0.894185E+00 0.895473E+00 0.896754E+00 0.898029E+00 0.899299E+00 0.900563E+00
  0.901822E+00 0.903077E+00 0.904327E+00 0.905574E+00 0.906817E+00 0.908056E+00
  0.909293E+00 0.910527E+00 0.911759E+00 0.912989E+00 0.914217E+00 0.915443E+00
  0.916668E+00 0.917892E+00 0.919115E+00 0.920338E+00 0.921560E+00 0.922782E+00
  0.924004E+00 0.925226E+00 0.926449E+00 0.927673E+00 0.928898E+00 0.930123E+00
  0.931350E+00 0.932579E+00 0.933809E+00 0.935041E+00 0.936275E+00 0.937512E+00
  0.938750E+00 0.939991E+00 0.941235E+00 0.942482E+00 0.943732E+00 0.944984E+00
  0.946240E+00 0.947500E+00 0.948762E+00 0.950029E+00 0.951298E+00 0.952572E+00
  0.953848E+00 0.955127E+00 0.956408E+00 0.957690E+00 0.958970E+00 0.960247E+00
  0.961517E+00 0.962775E+00 0.964016E+00 0.965231E+00 0.966415E+00 0.967559E+00
  0.968658E+00 0.969704E+00 0.970695E+00 0.971631E+00 0.972512E+00 0.973339E+00
  0.974115E+00 0.974843E+00 0.975527E+00 0.976172E+00 0.976781E+00 0.977358E+00
  0.977904E+00 0.978422E+00 0.978915E+00 0.979384E+00 0.979833E+00 0.980264E+00
  0.980679E+00 0.981078E+00 0.981464E+00 0.981835E+00 0.982194E+00 0.982541E+00
  0.982877E+00 0.983203E+00 0.983519E+00 0.983827E+00 0.984128E+00 0.984422E+00
  0.984709E+00 0.984989E+00 0.985264E+00 0.985532E+00 0.985795E+00 0.986052E+00
  0.986305E+00 0.986552E+00 0.986795E+00 0.987034E+00 0.987269E+00 0.987500E+00
  0.987727E+00 0.987951E+00 0.988172E+00 0.988390E+00 0.988606E+00 0.988818E+00
  0.989028E+00 0.989236E+00 0.989440E+00 0.989643E+00 0.989843E+00 0.990041E+00
  0.990236E+00 0.990430E+00 0.990622E+00 0.990812E+00 0.991000E+00 0.991186E+00
  0.991370E+00 0.991554E+00 0.991735E+00 0.991916E+00 0.992095E+00 0.992273E+00
  0.992449E+00 0.992625E+00 0.992799E+00 0.992972E+00 0.993144E+00 0.993315E+00
  0.993485E+00 0.993655E+00 0.993823E+00 0.993990E+00 0.994157E+00 0.994322E+00
  0.994487E+00 0.994651E+00 0.994814E+00 0.994977E+00 0.995139E+00 0.995301E+00
  0.995462E+00 0.995622E+00 0.995782E+00 0.995941E+00 0.996100E+00 0.996259E+00
  0.996417E+00 0.996575E+00 0.996733E+00 0.996890E+00 0.997047E+00 0.997203E+00
  0.997360E+00 0.997516E+00 0.997672E+00 0.997828E+00 0.997983E+00 0.998139E+00
  0.998294E+00 0.998449E+00 0.998604E+00 0.998759E+00 0.998914E+00 0.999069E+00
  0.999224E+00 0.999379E+00 0.999534E+00 0.999689E+00 0.999845E+00
  0.000000E+00
  0.120748E+04 0.120730E+04 0.120696E+04 0.120640E+04 0.120560E+04 0.120455E+04
  0.120323E+04 0.120161E+04 0.119968E+04 0.119743E+04 0.119484E+04 0.119191E+04
  0.118861E+04 0.118494E+04 0.118089E+04 0.117645E+04 0.117161E+04 0.116637E+04
  0.116070E+04 0.115462E+04 0.114811E+04 0.114116E+04 0.113377E+04 0.112593E+04
  0.111765E+04 0.110891E+04 0.109971E+04 0.109005E+04 0.107993E+04 0.106935E+04
  0.105830E+04 0.104678E+04 0.103479E+04 0.102234E+04 0.100942E+04 0.996034E+03
  0.982187E+03 0.967879E+03 0.953115E+03 0.937898E+03 0.922233E+03 0.906126E+03
  0.889583E+03 0.872610E+03 0.855217E+03 0.837411E+03 0.819202E+03 0.800603E+03
  0.781623E+03 0.762277E+03 0.742578E+03 0.722542E+03 0.702186E+03 0.681528E+03
  0.660588E+03 0.639387E+03 0.617951E+03 0.596303E+03 0.574472E+03 0.552489E+03
  0.530387E+03 0.508202E+03 0.485975E+03 0.463750E+03 0.441576E+03 0.419507E+03
  0.397605E+03 0.375942E+03 0.354621E+03 0.333886E+03 0.314504E+03 0.298119E+03
  0.285848E+03 0.277027E+03 0.270483E+03 0.265390E+03 0.261259E+03 0.257797E+03
  0.254822E+03 0.252216E+03 0.249897E+03 0.247808E+03 0.245907E+03 0.244162E+03
  0.242549E+03 0.241049E+03 0.239646E+03 0.238329E+03 0.237087E+03 0.235911E+03
  0.234795E+03 0.233733E+03 0.232719E+03 0.231749E+03 0.230820E+03 0.229927E+03
  0.229068E+03 0.228240E+03 0.227441E+03 0.226669E+03 0.225922E+03 0.225199E+03
  0.224497E+03 0.223816E+03 0.223155E+03 0.222511E+03 0.221885E+03 0.221275E+03
  0.220680E+03 0.220099E+03 0.219533E+03 0.218979E+03 0.218437E+03 0.217908E+03
  0.217389E+03 0.216881E+03 0.216383E+03 0.215895E+03 0.215415E+03 0.214944E+03
  0.214481E+03 0.214026E+03 0.213578E+03 0.213136E+03 0.212701E+03 0.212272E+03
  0.211847E+03 0.211428E+03 0.211013E+03 0.210601E+03 0.210193E+03 0.209788E+03
  0.209384E+03 0.208982E+03 0.208581E+03 0.208180E+03 0.207778E+03 0.207374E+03
  0.206968E+03 0.206558E+03 0.206144E+03 0.205724E+03 0.205297E+03 0.204862E+03
  0.204417E+03 0.203961E+03 0.203491E+03 0.203006E+03 0.202504E+03 0.201983E+03
  0.201439E+03 0.200870E+03 0.200274E+03 0.199647E+03 0.198985E+03 0.198285E+03
  0.197543E+03 0.196754E+03 0.195914E+03 0.195018E+03 0.194059E+03 0.193034E+03
  0.191934E+03 0.190756E+03 0.189491E+03 0.188134E+03 0.186677E+03 0.185116E+03
  0.183444E+03 0.181661E+03 0.179784E+03 0.177782E+03 0.175623E+03 0.173300E+03
  0.170807E+03 0.168142E+03 0.165302E+03 0.162291E+03 0.159114E+03 0.155782E+03
  0.152313E+03 0.148729E+03 0.145063E+03 0.141354E+03 0.137645E+03 0.133979E+03
  0.130398E+03 0.126945E+03 0.123645E+03 0.120510E+03 0.117552E+03 0.114778E+03
  0.112182E+03 0.109755E+03 0.107486E+03 0.105363E+03 0.103371E+03 0.101502E+03
  0.997466E+02 0.980958E+02 0.965409E+02 0.950729E+02 0.936830E+02 0.923624E+02
  0.911041E+02 0.899044E+02 0.887598E+02 0.876667E+02 0.866219E+02 0.856219E+02
  0.846635E+02 0.837435E+02 0.828586E+02 0.820058E+02 0.811822E+02 0.803857E+02
  0.796152E+02 0.788694E+02 0.781472E+02 0.774475E+02 0.767693E+02 0.761114E+02
  0.754729E+02 0.748527E+02 0.742498E+02 0.736633E+02 0.730922E+02 0.725356E+02
  0.719926E+02 0.714623E+02 0.709440E+02 0.704374E+02 0.699421E+02 0.694576E+02
  0.689837E+02 0.685199E+02 0.680660E+02 0.676214E+02 0.671860E+02 0.667594E+02
  0.663413E+02 0.659313E+02 0.655291E+02 0.651344E+02 0.647470E+02 0.643665E+02
  0.639927E+02 0.636253E+02 0.632639E+02 0.629084E+02 0.625586E+02 0.622142E+02
  0.618752E+02 0.615415E+02 0.612128E+02 0.608890E+02 0.605701E+02 0.602559E+02
  0.599462E+02 0.596410E+02 0.593400E+02 0.590433E+02 0.587507E+02 0.584621E+02
  0.581773E+02 0.578963E+02 0.576189E+02 0.573450E+02 0.570746E+02 0.568076E+02
  0.565438E+02 0.562831E+02 0.560255E+02 0.557708E+02 0.555190E+02 0.552700E+02
  0.550238E+02 0.547803E+02 0.545395E+02 0.543012E+02 0.540655E+02 0.538322E+02
  0.536013E+02 0.533729E+02 0.531467E+02 0.529228E+02 0.527011E+02 0.524816E+02
  0.522642E+02 0.520489E+02 0.518356E+02 0.516242E+02 0.514149E+02 0.512074E+02
  0.510018E+02 0.507979E+02 0.505959E+02 0.503956E+02 0.501970E+02
  0.000000E+00
;----END-OF-DATA-----------------COMMENTS:----------
*******************************************************************************
*******************************************************************************
  00000DUM  2 0 6              ;-SHOT #- F(X,Y) DATA -UFILELIB- 00Jan0000
                               ;-SHOT DATE-  UFILES ASCII FILE SYSTEM
   0                           ;-NUMBER OF ASSOCIATED SCALAR QUANTITIES-
 RHOTOR              -         ;-INDEPENDENT VARIABLE LABEL: X-
 TIME                SECONDS   ;-INDEPENDENT VARIABLE LABEL: Y-
 TI                  eV        ;-DEPENDENT VARIABLE LABEL-
 0                             ;-PROC CODE- 0:RAW 1:AVG 2:SM. 3:AVG+SM
        299                    ;-# OF X PTS-
          1                    ;-# OF Y PTS-   X,Y,F(X,Y) DATA FOLLOW:
  0.687006E-02 0.137261E-01 0.205540E-01 0.274148E-01 0.343194E-01 0.412491E-01
  0.481829E-01 0.551142E-01 0.620491E-01 0.689960E-01 0.759600E-01 0.829421E-01
  0.899426E-01 0.969628E-01 0.104006E+00 0.111074E+00 0.118172E+00 0.125302E+00
  0.132468E+00 0.139671E+00 0.146917E+00 0.154209E+00 0.161552E+00 0.168949E+00
  0.176406E+00 0.183928E+00 0.191520E+00 0.199187E+00 0.206934E+00 0.214766E+00
  0.222687E+00 0.230702E+00 0.238816E+00 0.247034E+00 0.255360E+00 0.263799E+00
  0.272359E+00 0.281043E+00 0.289858E+00 0.298811E+00 0.307909E+00 0.317159E+00
  0.326568E+00 0.336146E+00 0.345900E+00 0.355841E+00 0.365979E+00 0.376325E+00
  0.386890E+00 0.397689E+00 0.408733E+00 0.420039E+00 0.431623E+00 0.443503E+00
  0.455697E+00 0.468226E+00 0.481115E+00 0.494387E+00 0.508071E+00 0.522197E+00
  0.536800E+00 0.551917E+00 0.567591E+00 0.583870E+00 0.600808E+00 0.618467E+00
  0.636919E+00 0.656243E+00 0.676512E+00 0.697674E+00 0.719054E+00 0.738632E+00
  0.754409E+00 0.766465E+00 0.775861E+00 0.783475E+00 0.789868E+00 0.795389E+00
  0.800262E+00 0.804637E+00 0.808619E+00 0.812281E+00 0.815681E+00 0.818860E+00
  0.821852E+00 0.824682E+00 0.827372E+00 0.829939E+00 0.832398E+00 0.834759E+00
  0.837033E+00 0.839230E+00 0.841356E+00 0.843417E+00 0.845420E+00 0.847369E+00
  0.849269E+00 0.851123E+00 0.852935E+00 0.854708E+00 0.856446E+00 0.858149E+00
  0.859821E+00 0.861464E+00 0.863080E+00 0.864670E+00 0.866236E+00 0.867779E+00
  0.869301E+00 0.870804E+00 0.872287E+00 0.873753E+00 0.875202E+00 0.876636E+00
  0.878055E+00 0.879459E+00 0.880851E+00 0.882230E+00 0.883597E+00 0.884954E+00
  0.886299E+00 0.887635E+00 0.888962E+00 0.890280E+00 0.891589E+00 0.892891E+00
  0.894185E+00 0.895473E+00 0.896754E+00 0.898029E+00 0.899299E+00 0.900563E+00
  0.901822E+00 0.903077E+00 0.904327E+00 0.905574E+00 0.906817E+00 0.908056E+00
  0.909293E+00 0.910527E+00 0.911759E+00 0.912989E+00 0.914217E+00 0.915443E+00
  0.916668E+00 0.917892E+00 0.919115E+00 0.920338E+00 0.921560E+00 0.922782E+00
  0.924004E+00 0.925226E+00 0.926449E+00 0.927673E+00 0.928898E+00 0.930123E+00
  0.931350E+00 0.932579E+00 0.933809E+00 0.935041E+00 0.936275E+00 0.937512E+00
  0.938750E+00 0.939991E+00 0.941235E+00 0.942482E+00 0.943732E+00 0.944984E+00
  0.946240E+00 0.947500E+00 0.948762E+00 0.950029E+00 0.951298E+00 0.952572E+00
  0.953848E+00 0.955127E+00 0.956408E+00 0.957690E+00 0.958970E+00 0.960247E+00
  0.961517E+00 0.962775E+00 0.964016E+00 0.965231E+00 0.966415E+00 0.967559E+00
  0.968658E+00 0.969704E+00 0.970695E+00 0.971631E+00 0.972512E+00 0.973339E+00
  0.974115E+00 0.974843E+00 0.975527E+00 0.976172E+00 0.976781E+00 0.977358E+00
  0.977904E+00 0.978422E+00 0.978915E+00 0.979384E+00 0.979833E+00 0.980264E+00
  0.980679E+00 0.981078E+00 0.981464E+00 0.981835E+00 0.982194E+00 0.982541E+00
  0.982877E+00 0.983203E+00 0.983519E+00 0.983827E+00 0.984128E+00 0.984422E+00
  0.984709E+00 0.984989E+00 0.985264E+00 0.985532E+00 0.985795E+00 0.986052E+00
  0.986305E+00 0.986552E+00 0.986795E+00 0.987034E+00 0.987269E+00 0.987500E+00
  0.987727E+00 0.987951E+00 0.988172E+00 0.988390E+00 0.988606E+00 0.988818E+00
  0.989028E+00 0.989236E+00 0.989440E+00 0.989643E+00 0.989843E+00 0.990041E+00
  0.990236E+00 0.990430E+00 0.990622E+00 0.990812E+00 0.991000E+00 0.991186E+00
  0.991370E+00 0.991554E+00 0.991735E+00 0.991916E+00 0.992095E+00 0.992273E+00
  0.992449E+00 0.992625E+00 0.992799E+00 0.992972E+00 0.993144E+00 0.993315E+00
  0.993485E+00 0.993655E+00 0.993823E+00 0.993990E+00 0.994157E+00 0.994322E+00
  0.994487E+00 0.994651E+00 0.994814E+00 0.994977E+00 0.995139E+00 0.995301E+00
  0.995462E+00 0.995622E+00 0.995782E+00 0.995941E+00 0.996100E+00 0.996259E+00
  0.996417E+00 0.996575E+00 0.996733E+00 0.996890E+00 0.997047E+00 0.997203E+00
  0.997360E+00 0.997516E+00 0.997672E+00 0.997828E+00 0.997983E+00 0.998139E+00
  0.998294E+00 0.998449E+00 0.998604E+00 0.998759E+00 0.998914E+00 0.999069E+00
  0.999224E+00 0.999379E+00 0.999534E+00 0.999689E+00 0.999845E+00
  0.000000E+00
  0.120748E+04 0.120730E+04 0.120696E+04 0.120640E+04 0.120560E+04 0.120455E+04
  0.120323E+04 0.120161E+04 0.119968E+04 0.119743E+04 0.119484E+04 0.119191E+04
  0.118861E+04 0.118494E+04 0.118089E+04 0.117645E+04 0.117161E+04 0.116637E+04
  0.116070E+04 0.115462E+04 0.114811E+04 0.114116E+04 0.113377E+04 0.112593E+04
  0.111765E+04 0.110891E+04 0.109971E+04 0.109005E+04 0.107993E+04 0.106935E+04
  0.105830E+04 0.104678E+04 0.103479E+04 0.102234E+04 0.100942E+04 0.996034E+03
  0.982187E+03 0.967879E+03 0.953115E+03 0.937898E+03 0.922233E+03 0.906126E+03
  0.889583E+03 0.872610E+03 0.855217E+03 0.837411E+03 0.819202E+03 0.800603E+03
  0.781623E+03 0.762277E+03 0.742578E+03 0.722542E+03 0.702186E+03 0.681528E+03
  0.660588E+03 0.639387E+03 0.617951E+03 0.596303E+03 0.574472E+03 0.552489E+03
  0.530387E+03 0.508202E+03 0.485975E+03 0.463750E+03 0.441576E+03 0.419507E+03
  0.397605E+03 0.375942E+03 0.354621E+03 0.333886E+03 0.314504E+03 0.298119E+03
  0.285848E+03 0.277027E+03 0.270483E+03 0.265390E+03 0.261259E+03 0.257797E+03
  0.254822E+03 0.252216E+03 0.249897E+03 0.247808E+03 0.245907E+03 0.244162E+03
  0.242549E+03 0.241049E+03 0.239646E+03 0.238329E+03 0.237087E+03 0.235911E+03
  0.234795E+03 0.233733E+03 0.232719E+03 0.231749E+03 0.230820E+03 0.229927E+03
  0.229068E+03 0.228240E+03 0.227441E+03 0.226669E+03 0.225922E+03 0.225199E+03
  0.224497E+03 0.223816E+03 0.223155E+03 0.222511E+03 0.221885E+03 0.221275E+03
  0.220680E+03 0.220099E+03 0.219533E+03 0.218979E+03 0.218437E+03 0.217908E+03
  0.217389E+03 0.216881E+03 0.216383E+03 0.215895E+03 0.215415E+03 0.214944E+03
  0.214481E+03 0.214026E+03 0.213578E+03 0.213136E+03 0.212701E+03 0.212272E+03
  0.211847E+03 0.211428E+03 0.211013E+03 0.210601E+03 0.210193E+03 0.209788E+03
  0.209384E+03 0.208982E+03 0.208581E+03 0.208180E+03 0.207778E+03 0.207374E+03
  0.206968E+03 0.206558E+03 0.206144E+03 0.205724E+03 0.205297E+03 0.204862E+03
  0.204417E+03 0.203961E+03 0.203491E+03 0.203006E+03 0.202504E+03 0.201983E+03
  0.201439E+03 0.200870E+03 0.200274E+03 0.199647E+03 0.198985E+03 0.198285E+03
  0.197543E+03 0.196754E+03 0.195914E+03 0.195018E+03 0.194059E+03 0.193034E+03
  0.191934E+03 0.190756E+03 0.189491E+03 0.188134E+03 0.186677E+03 0.185116E+03
  0.183444E+03 0.181661E+03 0.179784E+03 0.177782E+03 0.175623E+03 0.173300E+03
  0.170807E+03 0.168142E+03 0.165302E+03 0.162291E+03 0.159114E+03 0.155782E+03
  0.152313E+03 0.148729E+03 0.145063E+03 0.141354E+03 0.137645E+03 0.133979E+03
  0.130398E+03 0.126945E+03 0.123645E+03 0.120510E+03 0.117552E+03 0.114778E+03
  0.112182E+03 0.109755E+03 0.107486E+03 0.105363E+03 0.103371E+03 0.101502E+03
  0.997466E+02 0.980958E+02 0.965409E+02 0.950729E+02 0.936830E+02 0.923624E+02
  0.911041E+02 0.899044E+02 0.887598E+02 0.876667E+02 0.866219E+02 0.856219E+02
  0.846635E+02 0.837435E+02 0.828586E+02 0.820058E+02 0.811822E+02 0.803857E+02
  0.796152E+02 0.788694E+02 0.781472E+02 0.774475E+02 0.767693E+02 0.761114E+02
  0.754729E+02 0.748527E+02 0.742498E+02 0.736633E+02 0.730922E+02 0.725356E+02
  0.719926E+02 0.714623E+02 0.709440E+02 0.704374E+02 0.699421E+02 0.694576E+02
  0.689837E+02 0.685199E+02 0.680660E+02 0.676214E+02 0.671860E+02 0.667594E+02
  0.663413E+02 0.659313E+02 0.655291E+02 0.651344E+02 0.647470E+02 0.643665E+02
  0.639927E+02 0.636253E+02 0.632639E+02 0.629084E+02 0.625586E+02 0.622142E+02
  0.618752E+02 0.615415E+02 0.612128E+02 0.608890E+02 0.605701E+02 0.602559E+02
  0.599462E+02 0.596410E+02 0.593400E+02 0.590433E+02 0.587507E+02 0.584621E+02
  0.581773E+02 0.578963E+02 0.576189E+02 0.573450E+02 0.570746E+02 0.568076E+02
  0.565438E+02 0.562831E+02 0.560255E+02 0.557708E+02 0.555190E+02 0.552700E+02
  0.550238E+02 0.547803E+02 0.545395E+02 0.543012E+02 0.540655E+02 0.538322E+02
  0.536013E+02 0.533729E+02 0.531467E+02 0.529228E+02 0.527011E+02 0.524816E+02
  0.522642E+02 0.520489E+02 0.518356E+02 0.516242E+02 0.514149E+02 0.512074E+02
  0.510018E+02 0.507979E+02 0.505959E+02 0.503956E+02 0.501970E+02
  0.000000E+00
;----END-OF-DATA-----------------COMMENTS:----------
*******************************************************************************
*******************************************************************************
  00000DUM  2 0 6              ;-SHOT #- F(X,Y) DATA -UFILELIB- 00Jan0000
                               ;-SHOT DATE-  UFILES ASCII FILE SYSTEM
   0                           ;-NUMBER OF ASSOCIATED SCALAR QUANTITIES-
 RHOTOR              -         ;-INDEPENDENT VARIABLE LABEL: X-
 TIME                SECONDS   ;-INDEPENDENT VARIABLE LABEL: Y-
 NE                  m^-3      ;-DEPENDENT VARIABLE LABEL-
 0                             ;-PROC CODE- 0:RAW 1:AVG 2:SM. 3:AVG+SM
        299                    ;-# OF X PTS-
          1                    ;-# OF Y PTS-   X,Y,F(X,Y) DATA FOLLOW:
  0.687006E-02 0.137261E-01 0.205540E-01 0.274148E-01 0.343194E-01 0.412491E-01
  0.481829E-01 0.551142E-01 0.620491E-01 0.689960E-01 0.759600E-01 0.829421E-01
  0.899426E-01 0.969628E-01 0.104006E+00 0.111074E+00 0.118172E+00 0.125302E+00
  0.132468E+00 0.139671E+00 0.146917E+00 0.154209E+00 0.161552E+00 0.168949E+00
  0.176406E+00 0.183928E+00 0.191520E+00 0.199187E+00 0.206934E+00 0.214766E+00
  0.222687E+00 0.230702E+00 0.238816E+00 0.247034E+00 0.255360E+00 0.263799E+00
  0.272359E+00 0.281043E+00 0.289858E+00 0.298811E+00 0.307909E+00 0.317159E+00
  0.326568E+00 0.336146E+00 0.345900E+00 0.355841E+00 0.365979E+00 0.376325E+00
  0.386890E+00 0.397689E+00 0.408733E+00 0.420039E+00 0.431623E+00 0.443503E+00
  0.455697E+00 0.468226E+00 0.481115E+00 0.494387E+00 0.508071E+00 0.522197E+00
  0.536800E+00 0.551917E+00 0.567591E+00 0.583870E+00 0.600808E+00 0.618467E+00
  0.636919E+00 0.656243E+00 0.676512E+00 0.697674E+00 0.719054E+00 0.738632E+00
  0.754409E+00 0.766465E+00 0.775861E+00 0.783475E+00 0.789868E+00 0.795389E+00
  0.800262E+00 0.804637E+00 0.808619E+00 0.812281E+00 0.815681E+00 0.818860E+00
  0.821852E+00 0.824682E+00 0.827372E+00 0.829939E+00 0.832398E+00 0.834759E+00
  0.837033E+00 0.839230E+00 0.841356E+00 0.843417E+00 0.845420E+00 0.847369E+00
  0.849269E+00 0.851123E+00 0.852935E+00 0.854708E+00 0.856446E+00 0.858149E+00
  0.859821E+00 0.861464E+00 0.863080E+00 0.864670E+00 0.866236E+00 0.867779E+00
  0.869301E+00 0.870804E+00 0.872287E+00 0.873753E+00 0.875202E+00 0.876636E+00
  0.878055E+00 0.879459E+00 0.880851E+00 0.882230E+00 0.883597E+00 0.884954E+00
  0.886299E+00 0.887635E+00 0.888962E+00 0.890280E+00 0.891589E+00 0.892891E+00
  0.894185E+00 0.895473E+00 0.896754E+00 0.898029E+00 0.899299E+00 0.900563E+00
  0.901822E+00 0.903077E+00 0.904327E+00 0.905574E+00 0.906817E+00 0.908056E+00
  0.909293E+00 0.910527E+00 0.911759E+00 0.912989E+00 0.914217E+00 0.915443E+00
  0.916668E+00 0.917892E+00 0.919115E+00 0.920338E+00 0.921560E+00 0.922782E+00
  0.924004E+00 0.925226E+00 0.926449E+00 0.927673E+00 0.928898E+00 0.930123E+00
  0.931350E+00 0.932579E+00 0.933809E+00 0.935041E+00 0.936275E+00 0.937512E+00
  0.938750E+00 0.939991E+00 0.941235E+00 0.942482E+00 0.943732E+00 0.944984E+00
  0.946240E+00 0.947500E+00 0.948762E+00 0.950029E+00 0.951298E+00 0.952572E+00
  0.953848E+00 0.955127E+00 0.956408E+00 0.957690E+00 0.958970E+00 0.960247E+00
  0.961517E+00 0.962775E+00 0.964016E+00 0.965231E+00 0.966415E+00 0.967559E+00
  0.968658E+00 0.969704E+00 0.970695E+00 0.971631E+00 0.972512E+00 0.973339E+00
  0.974115E+00 0.974843E+00 0.975527E+00 0.976172E+00 0.976781E+00 0.977358E+00
  0.977904E+00 0.978422E+00 0.978915E+00 0.979384E+00 0.979833E+00 0.980264E+00
  0.980679E+00 0.981078E+00 0.981464E+00 0.981835E+00 0.982194E+00 0.982541E+00
  0.982877E+00 0.983203E+00 0.983519E+00 0.983827E+00 0.984128E+00 0.984422E+00
  0.984709E+00 0.984989E+00 0.985264E+00 0.985532E+00 0.985795E+00 0.986052E+00
  0.986305E+00 0.986552E+00 0.986795E+00 0.987034E+00 0.987269E+00 0.987500E+00
  0.987727E+00 0.987951E+00 0.988172E+00 0.988390E+00 0.988606E+00 0.988818E+00
  0.989028E+00 0.989236E+00 0.989440E+00 0.989643E+00 0.989843E+00 0.990041E+00
  0.990236E+00 0.990430E+00 0.990622E+00 0.990812E+00 0.991000E+00 0.991186E+00
  0.991370E+00 0.991554E+00 0.991735E+00 0.991916E+00 0.992095E+00 0.992273E+00
  0.992449E+00 0.992625E+00 0.992799E+00 0.992972E+00 0.993144E+00 0.993315E+00
  0.993485E+00 0.993655E+00 0.993823E+00 0.993990E+00 0.994157E+00 0.994322E+00
  0.994487E+00 0.994651E+00 0.994814E+00 0.994977E+00 0.995139E+00 0.995301E+00
  0.995462E+00 0.995622E+00 0.995782E+00 0.995941E+00 0.996100E+00 0.996259E+00
  0.996417E+00 0.996575E+00 0.996733E+00 0.996890E+00 0.997047E+00 0.997203E+00
  0.997360E+00 0.997516E+00 0.997672E+00 0.997828E+00 0.997983E+00 0.998139E+00
  0.998294E+00 0.998449E+00 0.998604E+00 0.998759E+00 0.998914E+00 0.999069E+00
  0.999224E+00 0.999379E+00 0.999534E+00 0.999689E+00 0.999845E+00
  0.000000E+00
  0.395890E+20 0.395887E+20 0.395882E+20 0.395875E+20 0.395864E+20 0.395851E+20
  0.395835E+20 0.395816E+20 0.395794E+20 0.395769E+20 0.395740E+20 0.395709E+20
  0.395673E+20 0.395635E+20 0.395593E+20 0.395548E+20 0.395499E+20 0.395446E+20
  0.395390E+20 0.395331E+20 0.395268E+20 0.395201E+20 0.395130E+20 0.395055E+20
  0.394977E+20 0.394895E+20 0.394810E+20 0.394720E+20 0.394627E+20 0.394529E+20
  0.394428E+20 0.394323E+20 0.394215E+20 0.394102E+20 0.393985E+20 0.393865E+20
  0.393740E+20 0.393612E+20 0.393479E+20 0.393343E+20 0.393203E+20 0.393059E+20
  0.392911E+20 0.392759E+20 0.392603E+20 0.392444E+20 0.392280E+20 0.392113E+20
  0.391942E+20 0.391767E+20 0.391589E+20 0.391406E+20 0.391220E+20 0.391031E+20
  0.390837E+20 0.390640E+20 0.390440E+20 0.390236E+20 0.390029E+20 0.389819E+20
  0.389605E+20 0.389388E+20 0.389168E+20 0.388946E+20 0.388721E+20 0.388493E+20
  0.388263E+20 0.388030E+20 0.387797E+20 0.387564E+20 0.387340E+20 0.387144E+20
  0.386994E+20 0.386883E+20 0.386798E+20 0.386729E+20 0.386672E+20 0.386623E+20
  0.386578E+20 0.386538E+20 0.386500E+20 0.386464E+20 0.386429E+20 0.386395E+20
  0.386362E+20 0.386329E+20 0.386295E+20 0.386261E+20 0.386227E+20 0.386192E+20
  0.386156E+20 0.386118E+20 0.386079E+20 0.386039E+20 0.385997E+20 0.385953E+20
  0.385906E+20 0.385858E+20 0.385807E+20 0.385753E+20 0.385697E+20 0.385637E+20
  0.385574E+20 0.385508E+20 0.385437E+20 0.385363E+20 0.385285E+20 0.385202E+20
  0.385114E+20 0.385022E+20 0.384924E+20 0.384820E+20 0.384711E+20 0.384595E+20
  0.384472E+20 0.384343E+20 0.384206E+20 0.384061E+20 0.383908E+20 0.383747E+20
  0.383576E+20 0.383396E+20 0.383205E+20 0.383004E+20 0.382792E+20 0.382568E+20
  0.382331E+20 0.382081E+20 0.381818E+20 0.381540E+20 0.381246E+20 0.380937E+20
  0.380611E+20 0.380267E+20 0.379905E+20 0.379523E+20 0.379121E+20 0.378697E+20
  0.378255E+20 0.377789E+20 0.377298E+20 0.376780E+20 0.376235E+20 0.375660E+20
  0.375055E+20 0.374417E+20 0.373745E+20 0.373038E+20 0.372293E+20 0.371510E+20
  0.370685E+20 0.369817E+20 0.368903E+20 0.367942E+20 0.366931E+20 0.365868E+20
  0.364750E+20 0.363575E+20 0.362339E+20 0.361040E+20 0.359676E+20 0.358241E+20
  0.356735E+20 0.355152E+20 0.353490E+20 0.351745E+20 0.349913E+20 0.347990E+20
  0.345972E+20 0.343856E+20 0.341636E+20 0.339309E+20 0.336871E+20 0.334316E+20
  0.331642E+20 0.328846E+20 0.325924E+20 0.322876E+20 0.319703E+20 0.316409E+20
  0.313003E+20 0.309495E+20 0.305906E+20 0.302262E+20 0.298591E+20 0.294924E+20
  0.291296E+20 0.287743E+20 0.284287E+20 0.280942E+20 0.277723E+20 0.274641E+20
  0.271696E+20 0.268885E+20 0.266201E+20 0.263636E+20 0.261180E+20 0.258828E+20
  0.256575E+20 0.254414E+20 0.252339E+20 0.250344E+20 0.248420E+20 0.246558E+20
  0.244753E+20 0.243002E+20 0.241303E+20 0.239653E+20 0.238050E+20 0.236492E+20
  0.234974E+20 0.233495E+20 0.232050E+20 0.230638E+20 0.229253E+20 0.227895E+20
  0.226562E+20 0.225254E+20 0.223969E+20 0.222708E+20 0.221468E+20 0.220250E+20
  0.219052E+20 0.217874E+20 0.216713E+20 0.215570E+20 0.214443E+20 0.213331E+20
  0.212233E+20 0.211148E+20 0.210074E+20 0.209012E+20 0.207962E+20 0.206922E+20
  0.205894E+20 0.204876E+20 0.203868E+20 0.202869E+20 0.201881E+20 0.200901E+20
  0.199931E+20 0.198969E+20 0.198015E+20 0.197068E+20 0.196129E+20 0.195197E+20
  0.194272E+20 0.193353E+20 0.192440E+20 0.191532E+20 0.190630E+20 0.189732E+20
  0.188839E+20 0.187951E+20 0.187068E+20 0.186189E+20 0.185315E+20 0.184445E+20
  0.183579E+20 0.182717E+20 0.181858E+20 0.181004E+20 0.180153E+20 0.179305E+20
  0.178460E+20 0.177618E+20 0.176780E+20 0.175944E+20 0.175110E+20 0.174279E+20
  0.173450E+20 0.172623E+20 0.171799E+20 0.170975E+20 0.170154E+20 0.169334E+20
  0.168515E+20 0.167698E+20 0.166881E+20 0.166066E+20 0.165252E+20 0.164440E+20
  0.163627E+20 0.162816E+20 0.162006E+20 0.161196E+20 0.160386E+20 0.159577E+20
  0.158768E+20 0.157960E+20 0.157151E+20 0.156343E+20 0.155534E+20 0.154726E+20
  0.153917E+20 0.153108E+20 0.152298E+20 0.151488E+20 0.150677E+20
  0.000000E+00
;----END-OF-DATA-----------------COMMENTS:----------
*******************************************************************************
*******************************************************************************
  00000DUM  2 0 6              ;-SHOT #- F(X,Y) DATA -UFILELIB- 00Jan0000
                               ;-SHOT DATE-  UFILES ASCII FILE SYSTEM
   0                           ;-NUMBER OF ASSOCIATED SCALAR QUANTITIES-
 RHOTOR              -         ;-INDEPENDENT VARIABLE LABEL: X-
 TIME                SECONDS   ;-INDEPENDENT VARIABLE LABEL: Y-
 NM1                 m^-3      ;-DEPENDENT VARIABLE LABEL-
 0                             ;-PROC CODE- 0:RAW 1:AVG 2:SM. 3:AVG+SM
        299                    ;-# OF X PTS-
          1                    ;-# OF Y PTS-   X,Y,F(X,Y) DATA FOLLOW:
  0.687006E-02 0.137261E-01 0.205540E-01 0.274148E-01 0.343194E-01 0.412491E-01
  0.481829E-01 0.551142E-01 0.620491E-01 0.689960E-01 0.759600E-01 0.829421E-01
  0.899426E-01 0.969628E-01 0.104006E+00 0.111074E+00 0.118172E+00 0.125302E+00
  0.132468E+00 0.139671E+00 0.146917E+00 0.154209E+00 0.161552E+00 0.168949E+00
  0.176406E+00 0.183928E+00 0.191520E+00 0.199187E+00 0.206934E+00 0.214766E+00
  0.222687E+00 0.230702E+00 0.238816E+00 0.247034E+00 0.255360E+00 0.263799E+00
  0.272359E+00 0.281043E+00 0.289858E+00 0.298811E+00 0.307909E+00 0.317159E+00
  0.326568E+00 0.336146E+00 0.345900E+00 0.355841E+00 0.365979E+00 0.376325E+00
  0.386890E+00 0.397689E+00 0.408733E+00 0.420039E+00 0.431623E+00 0.443503E+00
  0.455697E+00 0.468226E+00 0.481115E+00 0.494387E+00 0.508071E+00 0.522197E+00
  0.536800E+00 0.551917E+00 0.567591E+00 0.583870E+00 0.600808E+00 0.618467E+00
  0.636919E+00 0.656243E+00 0.676512E+00 0.697674E+00 0.719054E+00 0.738632E+00
  0.754409E+00 0.766465E+00 0.775861E+00 0.783475E+00 0.789868E+00 0.795389E+00
  0.800262E+00 0.804637E+00 0.808619E+00 0.812281E+00 0.815681E+00 0.818860E+00
  0.821852E+00 0.824682E+00 0.827372E+00 0.829939E+00 0.832398E+00 0.834759E+00
  0.837033E+00 0.839230E+00 0.841356E+00 0.843417E+00 0.845420E+00 0.847369E+00
  0.849269E+00 0.851123E+00 0.852935E+00 0.854708E+00 0.856446E+00 0.858149E+00
  0.859821E+00 0.861464E+00 0.863080E+00 0.864670E+00 0.866236E+00 0.867779E+00
  0.869301E+00 0.870804E+00 0.872287E+00 0.873753E+00 0.875202E+00 0.876636E+00
  0.878055E+00 0.879459E+00 0.880851E+00 0.882230E+00 0.883597E+00 0.884954E+00
  0.886299E+00 0.887635E+00 0.888962E+00 0.890280E+00 0.891589E+00 0.892891E+00
  0.894185E+00 0.895473E+00 0.896754E+00 0.898029E+00 0.899299E+00 0.900563E+00
  0.901822E+00 0.903077E+00 0.904327E+00 0.905574E+00 0.906817E+00 0.908056E+00
  0.909293E+00 0.910527E+00 0.911759E+00 0.912989E+00 0.914217E+00 0.915443E+00
  0.916668E+00 0.917892E+00 0.919115E+00 0.920338E+00 0.921560E+00 0.922782E+00
  0.924004E+00 0.925226E+00 0.926449E+00 0.927673E+00 0.928898E+00 0.930123E+00
  0.931350E+00 0.932579E+00 0.933809E+00 0.935041E+00 0.936275E+00 0.937512E+00
  0.938750E+00 0.939991E+00 0.941235E+00 0.942482E+00 0.943732E+00 0.944984E+00
  0.946240E+00 0.947500E+00 0.948762E+00 0.950029E+00 0.951298E+00 0.952572E+00
  0.953848E+00 0.955127E+00 0.956408E+00 0.957690E+00 0.958970E+00 0.960247E+00
  0.961517E+00 0.962775E+00 0.964016E+00 0.965231E+00 0.966415E+00 0.967559E+00
  0.968658E+00 0.969704E+00 0.970695E+00 0.971631E+00 0.972512E+00 0.973339E+00
  0.974115E+00 0.974843E+00 0.975527E+00 0.976172E+00 0.976781E+00 0.977358E+00
  0.977904E+00 0.978422E+00 0.978915E+00 0.979384E+00 0.979833E+00 0.980264E+00
  0.980679E+00 0.981078E+00 0.981464E+00 0.981835E+00 0.982194E+00 0.982541E+00
  0.982877E+00 0.983203E+00 0.983519E+00 0.983827E+00 0.984128E+00 0.984422E+00
  0.984709E+00 0.984989E+00 0.985264E+00 0.985532E+00 0.985795E+00 0.986052E+00
  0.986305E+00 0.986552E+00 0.986795E+00 0.987034E+00 0.987269E+00 0.987500E+00
  0.987727E+00 0.987951E+00 0.988172E+00 0.988390E+00 0.988606E+00 0.988818E+00
  0.989028E+00 0.989236E+00 0.989440E+00 0.989643E+00 0.989843E+00 0.990041E+00
  0.990236E+00 0.990430E+00 0.990622E+00 0.990812E+00 0.991000E+00 0.991186E+00
  0.991370E+00 0.991554E+00 0.991735E+00 0.991916E+00 0.992095E+00 0.992273E+00
  0.992449E+00 0.992625E+00 0.992799E+00 0.992972E+00 0.993144E+00 0.993315E+00
  0.993485E+00 0.993655E+00 0.993823E+00 0.993990E+00 0.994157E+00 0.994322E+00
  0.994487E+00 0.994651E+00 0.994814E+00 0.994977E+00 0.995139E+00 0.995301E+00
  0.995462E+00 0.995622E+00 0.995782E+00 0.995941E+00 0.996100E+00 0.996259E+00
  0.996417E+00 0.996575E+00 0.996733E+00 0.996890E+00 0.997047E+00 0.997203E+00
  0.997360E+00 0.997516E+00 0.997672E+00 0.997828E+00 0.997983E+00 0.998139E+00
  0.998294E+00 0.998449E+00 0.998604E+00 0.998759E+00 0.998914E+00 0.999069E+00
  0.999224E+00 0.999379E+00 0.999534E+00 0.999689E+00 0.999845E+00
  0.000000E+00
  0.316713E+20 0.316712E+20 0.316710E+20 0.316706E+20 0.316700E+20 0.316691E+20
  0.316681E+20 0.316668E+20 0.316653E+20 0.316635E+20 0.316615E+20 0.316592E+20
  0.316567E+20 0.316539E+20 0.316508E+20 0.316475E+20 0.316438E+20 0.316399E+20
  0.316357E+20 0.316312E+20 0.316265E+20 0.316214E+20 0.316160E+20 0.316104E+20
  0.316044E+20 0.315982E+20 0.315916E+20 0.315848E+20 0.315776E+20 0.315701E+20
  0.315624E+20 0.315543E+20 0.315459E+20 0.315372E+20 0.315281E+20 0.315188E+20
  0.315092E+20 0.314992E+20 0.314889E+20 0.314784E+20 0.314675E+20 0.314562E+20
  0.314447E+20 0.314329E+20 0.314207E+20 0.314083E+20 0.313955E+20 0.313824E+20
  0.313691E+20 0.313554E+20 0.313414E+20 0.313271E+20 0.313125E+20 0.312976E+20
  0.312824E+20 0.312670E+20 0.312512E+20 0.312352E+20 0.312189E+20 0.312023E+20
  0.311855E+20 0.311684E+20 0.311511E+20 0.311335E+20 0.311157E+20 0.310976E+20
  0.310794E+20 0.310610E+20 0.310424E+20 0.310237E+20 0.310051E+20 0.309872E+20
  0.309716E+20 0.309595E+20 0.309506E+20 0.309438E+20 0.309384E+20 0.309338E+20
  0.309298E+20 0.309263E+20 0.309230E+20 0.309200E+20 0.309171E+20 0.309143E+20
  0.309116E+20 0.309089E+20 0.309063E+20 0.309036E+20 0.309009E+20 0.308982E+20
  0.308953E+20 0.308924E+20 0.308894E+20 0.308863E+20 0.308831E+20 0.308797E+20
  0.308762E+20 0.308725E+20 0.308686E+20 0.308645E+20 0.308603E+20 0.308557E+20
  0.308510E+20 0.308459E+20 0.308406E+20 0.308350E+20 0.308291E+20 0.308228E+20
  0.308162E+20 0.308092E+20 0.308017E+20 0.307939E+20 0.307856E+20 0.307769E+20
  0.307676E+20 0.307578E+20 0.307474E+20 0.307365E+20 0.307249E+20 0.307127E+20
  0.306997E+20 0.306861E+20 0.306717E+20 0.306564E+20 0.306403E+20 0.306233E+20
  0.306054E+20 0.305865E+20 0.305665E+20 0.305454E+20 0.305232E+20 0.304997E+20
  0.304750E+20 0.304489E+20 0.304214E+20 0.303924E+20 0.303618E+20 0.303297E+20
  0.302958E+20 0.302604E+20 0.302231E+20 0.301838E+20 0.301424E+20 0.300988E+20
  0.300528E+20 0.300044E+20 0.299534E+20 0.298996E+20 0.298430E+20 0.297835E+20
  0.297208E+20 0.296548E+20 0.295853E+20 0.295123E+20 0.294354E+20 0.293545E+20
  0.292695E+20 0.291800E+20 0.290860E+20 0.289871E+20 0.288832E+20 0.287740E+20
  0.286593E+20 0.285388E+20 0.284122E+20 0.282792E+20 0.281396E+20 0.279930E+20
  0.278392E+20 0.276778E+20 0.275085E+20 0.273309E+20 0.271447E+20 0.269496E+20
  0.267453E+20 0.265314E+20 0.263077E+20 0.260739E+20 0.258301E+20 0.255762E+20
  0.253127E+20 0.250402E+20 0.247596E+20 0.244725E+20 0.241810E+20 0.238873E+20
  0.235939E+20 0.233037E+20 0.230194E+20 0.227429E+20 0.224754E+20 0.222179E+20
  0.219713E+20 0.217357E+20 0.215108E+20 0.212961E+20 0.210909E+20 0.208944E+20
  0.207063E+20 0.205260E+20 0.203531E+20 0.201872E+20 0.200275E+20 0.198736E+20
  0.197246E+20 0.195802E+20 0.194402E+20 0.193042E+20 0.191722E+20 0.190440E+20
  0.189193E+20 0.187979E+20 0.186796E+20 0.185640E+20 0.184510E+20 0.183403E+20
  0.182316E+20 0.181250E+20 0.180203E+20 0.179175E+20 0.178166E+20 0.177175E+20
  0.176200E+20 0.175242E+20 0.174299E+20 0.173371E+20 0.172456E+20 0.171555E+20
  0.170665E+20 0.169786E+20 0.168918E+20 0.168059E+20 0.167210E+20 0.166369E+20
  0.165538E+20 0.164715E+20 0.163900E+20 0.163094E+20 0.162296E+20 0.161505E+20
  0.160721E+20 0.159945E+20 0.159175E+20 0.158412E+20 0.157655E+20 0.156903E+20
  0.156158E+20 0.155418E+20 0.154683E+20 0.153952E+20 0.153226E+20 0.152504E+20
  0.151786E+20 0.151071E+20 0.150361E+20 0.149655E+20 0.148952E+20 0.148252E+20
  0.147556E+20 0.146863E+20 0.146173E+20 0.145487E+20 0.144803E+20 0.144122E+20
  0.143444E+20 0.142768E+20 0.142095E+20 0.141424E+20 0.140755E+20 0.140088E+20
  0.139423E+20 0.138760E+20 0.138099E+20 0.137439E+20 0.136780E+20 0.136123E+20
  0.135467E+20 0.134812E+20 0.134158E+20 0.133505E+20 0.132853E+20 0.132202E+20
  0.131552E+20 0.130902E+20 0.130253E+20 0.129604E+20 0.128956E+20 0.128309E+20
  0.127662E+20 0.127015E+20 0.126368E+20 0.125721E+20 0.125074E+20 0.124428E+20
  0.123781E+20 0.123133E+20 0.122486E+20 0.121838E+20 0.121190E+20 0.120541E+20
  0.119892E+20
  0.000000E+00
;----END-OF-DATA-----------------COMMENTS:----------
*******************************************************************************
*******************************************************************************
  00000DUM  2 0 6              ;-SHOT #- F(X,Y) DATA -UFILELIB- 00Jan0000
                               ;-SHOT DATE-  UFILES ASCII FILE SYSTEM
   0                           ;-NUMBER OF ASSOCIATED SCALAR QUANTITIES-
 RHOTOR              -         ;-INDEPENDENT VARIABLE LABEL: X-
 TIME                SECONDS   ;-INDEPENDENT VARIABLE LABEL: Y-
 VROT                rad/s     ;-DEPENDENT VARIABLE LABEL-
 0                             ;-PROC CODE- 0:RAW 1:AVG 2:SM. 3:AVG+SM
        299                    ;-# OF X PTS-
          1                    ;-# OF Y PTS-   X,Y,F(X,Y) DATA FOLLOW:
  0.687006E-02 0.137261E-01 0.205540E-01 0.274148E-01 0.343194E-01 0.412491E-01
  0.481829E-01 0.551142E-01 0.620491E-01 0.689960E-01 0.759600E-01 0.829421E-01
  0.899426E-01 0.969628E-01 0.104006E+00 0.111074E+00 0.118172E+00 0.125302E+00
  0.132468E+00 0.139671E+00 0.146917E+00 0.154209E+00 0.161552E+00 0.168949E+00
  0.176406E+00 0.183928E+00 0.191520E+00 0.199187E+00 0.206934E+00 0.214766E+00
  0.222687E+00 0.230702E+00 0.238816E+00 0.247034E+00 0.255360E+00 0.263799E+00
  0.272359E+00 0.281043E+00 0.289858E+00 0.298811E+00 0.307909E+00 0.317159E+00
  0.326568E+00 0.336146E+00 0.345900E+00 0.355841E+00 0.365979E+00 0.376325E+00
  0.386890E+00 0.397689E+00 0.408733E+00 0.420039E+00 0.431623E+00 0.443503E+00
  0.455697E+00 0.468226E+00 0.481115E+00 0.494387E+00 0.508071E+00 0.522197E+00
  0.536800E+00 0.551917E+00 0.567591E+00 0.583870E+00 0.600808E+00 0.618467E+00
  0.636919E+00 0.656243E+00 0.676512E+00 0.697674E+00 0.719054E+00 0.738632E+00
  0.754409E+00 0.766465E+00 0.775861E+00 0.783475E+00 0.789868E+00 0.795389E+00
  0.800262E+00 0.804637E+00 0.808619E+00 0.812281E+00 0.815681E+00 0.818860E+00
  0.821852E+00 0.824682E+00 0.827372E+00 0.829939E+00 0.832398E+00 0.834759E+00
  0.837033E+00 0.839230E+00 0.841356E+00 0.843417E+00 0.845420E+00 0.847369E+00
  0.849269E+00 0.851123E+00 0.852935E+00 0.854708E+00 0.856446E+00 0.858149E+00
  0.859821E+00 0.861464E+00 0.863080E+00 0.864670E+00 0.866236E+00 0.867779E+00
  0.869301E+00 0.870804E+00 0.872287E+00 0.873753E+00 0.875202E+00 0.876636E+00
  0.878055E+00 0.879459E+00 0.880851E+00 0.882230E+00 0.883597E+00 0.884954E+00
  0.886299E+00 0.887635E+00 0.888962E+00 0.890280E+00 0.891589E+00 0.892891E+00
  0.894185E+00 0.895473E+00 0.896754E+00 0.898029E+00 0.899299E+00 0.900563E+00
  0.901822E+00 0.903077E+00 0.904327E+00 0.905574E+00 0.906817E+00 0.908056E+00
  0.909293E+00 0.910527E+00 0.911759E+00 0.912989E+00 0.914217E+00 0.915443E+00
  0.916668E+00 0.917892E+00 0.919115E+00 0.920338E+00 0.921560E+00 0.922782E+00
  0.924004E+00 0.925226E+00 0.926449E+00 0.927673E+00 0.928898E+00 0.930123E+00
  0.931350E+00 0.932579E+00 0.933809E+00 0.935041E+00 0.936275E+00 0.937512E+00
  0.938750E+00 0.939991E+00 0.941235E+00 0.942482E+00 0.943732E+00 0.944984E+00
  0.946240E+00 0.947500E+00 0.948762E+00 0.950029E+00 0.951298E+00 0.952572E+00
  0.953848E+00 0.955127E+00 0.956408E+00 0.957690E+00 0.958970E+00 0.960247E+00
  0.961517E+00 0.962775E+00 0.964016E+00 0.965231E+00 0.966415E+00 0.967559E+00
  0.968658E+00 0.969704E+00 0.970695E+00 0.971631E+00 0.972512E+00 0.973339E+00
  0.974115E+00 0.974843E+00 0.975527E+00 0.976172E+00 0.976781E+00 0.977358E+00
  0.977904E+00 0.978422E+00 0.978915E+00 0.979384E+00 0.979833E+00 0.980264E+00
  0.980679E+00 0.981078E+00 0.981464E+00 0.981835E+00 0.982194E+00 0.982541E+00
  0.982877E+00 0.983203E+00 0.983519E+00 0.983827E+00 0.984128E+00 0.984422E+00
  0.984709E+00 0.984989E+00 0.985264E+00 0.985532E+00 0.985795E+00 0.986052E+00
  0.986305E+00 0.986552E+00 0.986795E+00 0.987034E+00 0.987269E+00 0.987500E+00
  0.987727E+00 0.987951E+00 0.988172E+00 0.988390E+00 0.988606E+00 0.988818E+00
  0.989028E+00 0.989236E+00 0.989440E+00 0.989643E+00 0.989843E+00 0.990041E+00
  0.990236E+00 0.990430E+00 0.990622E+00 0.990812E+00 0.991000E+00 0.991186E+00
  0.991370E+00 0.991554E+00 0.991735E+00 0.991916E+00 0.992095E+00 0.992273E+00
  0.992449E+00 0.992625E+00 0.992799E+00 0.992972E+00 0.993144E+00 0.993315E+00
  0.993485E+00 0.993655E+00 0.993823E+00 0.993990E+00 0.994157E+00 0.994322E+00
  0.994487E+00 0.994651E+00 0.994814E+00 0.994977E+00 0.995139E+00 0.995301E+00
  0.995462E+00 0.995622E+00 0.995782E+00 0.995941E+00 0.996100E+00 0.996259E+00
  0.996417E+00 0.996575E+00 0.996733E+00 0.996890E+00 0.997047E+00 0.997203E+00
  0.997360E+00 0.997516E+00 0.997672E+00 0.997828E+00 0.997983E+00 0.998139E+00
  0.998294E+00 0.998449E+00 0.998604E+00 0.998759E+00 0.998914E+00 0.999069E+00
  0.999224E+00 0.999379E+00 0.999534E+00 0.999689E+00 0.999845E+00
  0.000000E+00
 -0.796451E+00-0.186262E+01-0.337483E+01-0.547680E+01-0.826776E+01-0.118500E+02
 -0.162907E+02-0.216891E+02-0.281448E+02-0.357612E+02-0.446388E+02-0.548735E+02
 -0.665392E+02-0.797183E+02-0.944947E+02-0.110927E+03-0.129076E+03-0.149008E+03
 -0.170757E+03-0.194355E+03-0.219847E+03-0.247232E+03-0.276510E+03-0.307693E+03
 -0.340782E+03-0.375772E+03-0.412648E+03-0.451443E+03-0.492175E+03-0.534820E+03
 -0.579389E+03-0.625876E+03-0.674244E+03-0.724495E+03-0.776602E+03-0.830512E+03
 -0.886210E+03-0.943639E+03-0.100273E+04-0.106343E+04-0.112566E+04-0.118931E+04
 -0.125429E+04-0.132048E+04-0.138773E+04-0.145588E+04-0.152476E+04-0.159414E+04
 -0.166383E+04-0.173354E+04-0.180298E+04-0.187188E+04-0.193980E+04-0.200642E+04
 -0.207129E+04-0.213390E+04-0.219381E+04-0.225037E+04-0.230305E+04-0.235113E+04
 -0.239394E+04-0.243070E+04-0.246059E+04-0.248274E+04-0.249619E+04-0.249994E+04
 -0.249284E+04-0.247370E+04-0.244139E+04-0.239646E+04-0.234478E+04-0.229581E+04
 -0.225393E+04-0.221860E+04-0.218824E+04-0.216158E+04-0.213773E+04-0.211606E+04
 -0.209614E+04-0.207766E+04-0.206039E+04-0.204417E+04-0.202886E+04-0.201436E+04
 -0.200059E+04-0.198749E+04-0.197501E+04-0.196311E+04-0.195177E+04-0.194095E+04
 -0.193065E+04-0.192085E+04-0.191154E+04-0.190272E+04-0.189438E+04-0.188655E+04
 -0.187921E+04-0.187238E+04-0.186607E+04-0.186030E+04-0.185509E+04-0.185045E+04
 -0.184641E+04-0.184300E+04-0.184025E+04-0.183819E+04-0.183686E+04-0.183629E+04
 -0.183653E+04-0.183763E+04-0.183964E+04-0.184263E+04-0.184664E+04-0.185175E+04
 -0.185804E+04-0.186557E+04-0.187443E+04-0.188474E+04-0.189659E+04-0.191006E+04
 -0.192531E+04-0.194247E+04-0.196162E+04-0.198302E+04-0.200672E+04-0.203300E+04
 -0.206196E+04-0.209391E+04-0.212896E+04-0.216752E+04-0.220966E+04-0.225589E+04
 -0.230633E+04-0.236143E+04-0.242129E+04-0.248760E+04-0.255354E+04-0.262604E+04
 -0.271194E+04-0.280445E+04-0.290554E+04-0.301539E+04-0.313469E+04-0.326420E+04
 -0.340513E+04-0.355826E+04-0.372441E+04-0.390464E+04-0.410006E+04-0.431247E+04
 -0.454275E+04-0.479219E+04-0.506228E+04-0.535458E+04-0.567068E+04-0.601309E+04
 -0.638291E+04-0.678184E+04-0.721174E+04-0.767448E+04-0.817180E+04-0.870535E+04
 -0.927728E+04-0.988840E+04-0.105386E+05-0.112287E+05-0.119518E+05-0.127198E+05
 -0.134314E+05-0.141660E+05-0.151133E+05-0.161621E+05-0.172414E+05-0.183653E+05
 -0.195248E+05-0.207153E+05-0.219291E+05-0.231580E+05-0.243917E+05-0.256178E+05
 -0.268241E+05-0.279970E+05-0.291233E+05-0.301915E+05-0.311923E+05-0.321170E+05
 -0.329625E+05-0.337297E+05-0.344174E+05-0.350357E+05-0.355830E+05-0.360699E+05
 -0.365027E+05-0.368867E+05-0.372273E+05-0.375293E+05-0.377970E+05-0.380340E+05
 -0.382439E+05-0.384303E+05-0.385937E+05-0.387350E+05-0.388608E+05-0.389719E+05
 -0.390639E+05-0.391464E+05-0.392138E+05-0.392703E+05-0.393174E+05-0.393523E+05
 -0.393812E+05-0.393984E+05-0.394109E+05-0.394137E+05-0.394111E+05-0.394023E+05
 -0.393858E+05-0.393680E+05-0.393386E+05-0.393097E+05-0.392728E+05-0.392323E+05
 -0.391916E+05-0.391401E+05-0.390896E+05-0.390359E+05-0.389754E+05-0.389159E+05
 -0.388518E+05-0.387829E+05-0.387148E+05-0.386425E+05-0.385657E+05-0.384899E+05
 -0.384114E+05-0.383275E+05-0.382446E+05-0.381617E+05-0.380716E+05-0.379825E+05
 -0.378943E+05-0.378011E+05-0.377065E+05-0.376128E+05-0.375184E+05-0.374189E+05
 -0.373201E+05-0.372222E+05-0.371213E+05-0.370182E+05-0.369157E+05-0.368139E+05
 -0.367082E+05-0.366019E+05-0.364963E+05-0.363914E+05-0.362824E+05-0.361736E+05
 -0.360655E+05-0.359579E+05-0.358469E+05-0.357361E+05-0.356260E+05-0.355163E+05
 -0.354041E+05-0.352918E+05-0.351801E+05-0.350688E+05-0.349559E+05-0.348426E+05
 -0.347296E+05-0.346170E+05-0.345038E+05-0.343897E+05-0.342759E+05-0.341624E+05
 -0.340489E+05-0.339346E+05-0.338204E+05-0.337065E+05-0.335927E+05-0.334786E+05
 -0.333645E+05-0.332505E+05-0.331367E+05-0.330231E+05-0.329095E+05-0.327959E+05
 -0.326825E+05-0.325691E+05-0.324558E+05-0.323425E+05-0.322292E+05-0.321159E+05
 -0.320026E+05-0.318893E+05-0.317759E+05-0.316625E+05-0.315489E+05
  0.000000E+00
;----END-OF-DATA-----------------COMMENTS:----------
*******************************************************************************
*******************************************************************************
  00000DUM  2 0 6              ;-SHOT #- F(X,Y) DATA -UFILELIB- 00Jan0000
                               ;-SHOT DATE-  UFILES ASCII FILE SYSTEM
   0                           ;-NUMBER OF ASSOCIATED SCALAR QUANTITIES-
 RHOTOR              -         ;-INDEPENDENT VARIABLE LABEL: X-
 TIME                SECONDS   ;-INDEPENDENT VARIABLE LABEL: Y-
 ZEFFR                         ;-DEPENDENT VARIABLE LABEL-
 0                             ;-PROC CODE- 0:RAW 1:AVG 2:SM. 3:AVG+SM
        299                    ;-# OF X PTS-
          1                    ;-# OF Y PTS-   X,Y,F(X,Y) DATA FOLLOW:
  0.687006E-02 0.137261E-01 0.205540E-01 0.274148E-01 0.343194E-01 0.412491E-01
  0.481829E-01 0.551142E-01 0.620491E-01 0.689960E-01 0.759600E-01 0.829421E-01
  0.899426E-01 0.969628E-01 0.104006E+00 0.111074E+00 0.118172E+00 0.125302E+00
  0.132468E+00 0.139671E+00 0.146917E+00 0.154209E+00 0.161552E+00 0.168949E+00
  0.176406E+00 0.183928E+00 0.191520E+00 0.199187E+00 0.206934E+00 0.214766E+00
  0.222687E+00 0.230702E+00 0.238816E+00 0.247034E+00 0.255360E+00 0.263799E+00
  0.272359E+00 0.281043E+00 0.289858E+00 0.298811E+00 0.307909E+00 0.317159E+00
  0.326568E+00 0.336146E+00 0.345900E+00 0.355841E+00 0.365979E+00 0.376325E+00
  0.386890E+00 0.397689E+00 0.408733E+00 0.420039E+00 0.431623E+00 0.443503E+00
  0.455697E+00 0.468226E+00 0.481115E+00 0.494387E+00 0.508071E+00 0.522197E+00
  0.536800E+00 0.551917E+00 0.567591E+00 0.583870E+00 0.600808E+00 0.618467E+00
  0.636919E+00 0.656243E+00 0.676512E+00 0.697674E+00 0.719054E+00 0.738632E+00
  0.754409E+00 0.766465E+00 0.775861E+00 0.783475E+00 0.789868E+00 0.795389E+00
  0.800262E+00 0.804637E+00 0.808619E+00 0.812281E+00 0.815681E+00 0.818860E+00
  0.821852E+00 0.824682E+00 0.827372E+00 0.829939E+00 0.832398E+00 0.834759E+00
  0.837033E+00 0.839230E+00 0.841356E+00 0.843417E+00 0.845420E+00 0.847369E+00
  0.849269E+00 0.851123E+00 0.852935E+00 0.854708E+00 0.856446E+00 0.858149E+00
  0.859821E+00 0.861464E+00 0.863080E+00 0.864670E+00 0.866236E+00 0.867779E+00
  0.869301E+00 0.870804E+00 0.872287E+00 0.873753E+00 0.875202E+00 0.876636E+00
  0.878055E+00 0.879459E+00 0.880851E+00 0.882230E+00 0.883597E+00 0.884954E+00
  0.886299E+00 0.887635E+00 0.888962E+00 0.890280E+00 0.891589E+00 0.892891E+00
  0.894185E+00 0.895473E+00 0.896754E+00 0.898029E+00 0.899299E+00 0.900563E+00
  0.901822E+00 0.903077E+00 0.904327E+00 0.905574E+00 0.906817E+00 0.908056E+00
  0.909293E+00 0.910527E+00 0.911759E+00 0.912989E+00 0.914217E+00 0.915443E+00
  0.916668E+00 0.917892E+00 0.919115E+00 0.920338E+00 0.921560E+00 0.922782E+00
  0.924004E+00 0.925226E+00 0.926449E+00 0.927673E+00 0.928898E+00 0.930123E+00
  0.931350E+00 0.932579E+00 0.933809E+00 0.935041E+00 0.936275E+00 0.937512E+00
  0.938750E+00 0.939991E+00 0.941235E+00 0.942482E+00 0.943732E+00 0.944984E+00
  0.946240E+00 0.947500E+00 0.948762E+00 0.950029E+00 0.951298E+00 0.952572E+00
  0.953848E+00 0.955127E+00 0.956408E+00 0.957690E+00 0.958970E+00 0.960247E+00
  0.961517E+00 0.962775E+00 0.964016E+00 0.965231E+00 0.966415E+00 0.967559E+00
  0.968658E+00 0.969704E+00 0.970695E+00 0.971631E+00 0.972512E+00 0.973339E+00
  0.974115E+00 0.974843E+00 0.975527E+00 0.976172E+00 0.976781E+00 0.977358E+00
  0.977904E+00 0.978422E+00 0.978915E+00 0.979384E+00 0.979833E+00 0.980264E+00
  0.980679E+00 0.981078E+00 0.981464E+00 0.981835E+00 0.982194E+00 0.982541E+00
  0.982877E+00 0.983203E+00 0.983519E+00 0.983827E+00 0.984128E+00 0.984422E+00
  0.984709E+00 0.984989E+00 0.985264E+00 0.985532E+00 0.985795E+00 0.986052E+00
  0.986305E+00 0.986552E+00 0.986795E+00 0.987034E+00 0.987269E+00 0.987500E+00
  0.987727E+00 0.987951E+00 0.988172E+00 0.988390E+00 0.988606E+00 0.988818E+00
  0.989028E+00 0.989236E+00 0.989440E+00 0.989643E+00 0.989843E+00 0.990041E+00
  0.990236E+00 0.990430E+00 0.990622E+00 0.990812E+00 0.991000E+00 0.991186E+00
  0.991370E+00 0.991554E+00 0.991735E+00 0.991916E+00 0.992095E+00 0.992273E+00
  0.992449E+00 0.992625E+00 0.992799E+00 0.992972E+00 0.993144E+00 0.993315E+00
  0.993485E+00 0.993655E+00 0.993823E+00 0.993990E+00 0.994157E+00 0.994322E+00
  0.994487E+00 0.994651E+00 0.994814E+00 0.994977E+00 0.995139E+00 0.995301E+00
  0.995462E+00 0.995622E+00 0.995782E+00 0.995941E+00 0.996100E+00 0.996259E+00
  0.996417E+00 0.996575E+00 0.996733E+00 0.996890E+00 0.997047E+00 0.997203E+00
  0.997360E+00 0.997516E+00 0.997672E+00 0.997828E+00 0.997983E+00 0.998139E+00
  0.998294E+00 0.998449E+00 0.998604E+00 0.998759E+00 0.998914E+00 0.999069E+00
  0.999224E+00 0.999379E+00 0.999534E+00 0.999689E+00 0.999845E+00
  0.000000E+00
  0.200000E+01 0.200000E+01 0.200000E+01 0.200000E+01 0.200000E+01 0.200000E+01
  0.200000E+01 0.200000E+01 0.200000E+01 0.200000E+01 0.200000E+01 0.200000E+01
  0.200000E+01 0.200000E+01 0.200000E+01 0.200000E+01 0.200000E+01 0.200000E+01
  0.200000E+01 0.200000E+01 0.200000E+01 0.200000E+01 0.200000E+01 0.200000E+01
  0.200000E+01 0.200000E+01 0.200000E+01 0.200000E+01 0.200000E+01 0.200000E+01
  0.200000E+01 0.200000E+01 0.200000E+01 0.200000E+01 0.200000E+01 0.200000E+01
  0.200000E+01 0.200000E+01 0.200000E+01 0.200000E+01 0.200000E+01 0.200000E+01
  0.200000E+01 0.200000E+01 0.200000E+01 0.200000E+01 0.200000E+01 0.200000E+01
  0.200000E+01 0.200000E+01 0.200000E+01 0.200000E+01 0.200000E+01 0.200000E+01
  0.200000E+01 0.200000E+01 0.200000E+01 0.200000E+01 0.200000E+01 0.200000E+01
  0.200000E+01 0.200000E+01 0.200000E+01 0.200000E+01 0.200000E+01 0.200000E+01
  0.200000E+01 0.200000E+01 0.200000E+01 0.200000E+01 0.200000E+01 0.200000E+01
  0.200000E+01 0.200000E+01 0.200000E+01 0.200000E+01 0.200000E+01 0.200000E+01
  0.200000E+01 0.200000E+01 0.200000E+01 0.200000E+01 0.200000E+01 0.200000E+01
  0.200000E+01 0.200000E+01 0.200000E+01 0.200000E+01 0.200000E+01 0.200000E+01
  0.200000E+01 0.200000E+01 0.200000E+01 0.200000E+01 0.200000E+01 0.200000E+01
  0.200000E+01 0.200000E+01 0.200000E+01 0.200000E+01 0.200000E+01 0.200000E+01
  0.200000E+01 0.200000E+01 0.200000E+01 0.200000E+01 0.200000E+01 0.200000E+01
  0.200000E+01 0.200000E+01 0.200000E+01 0.200000E+01 0.200000E+01 0.200000E+01
  0.200000E+01 0.200000E+01 0.200000E+01 0.200000E+01 0.200000E+01 0.200000E+01
  0.200000E+01 0.200000E+01 0.200000E+01 0.200000E+01 0.200000E+01 0.200000E+01
  0.200000E+01 0.200000E+01 0.200000E+01 0.200000E+01 0.200000E+01 0.200000E+01
  0.200000E+01 0.200000E+01 0.200000E+01 0.200000E+01 0.200000E+01 0.200000E+01
  0.200000E+01 0.200000E+01 0.200000E+01 0.200000E+01 0.200000E+01 0.200000E+01
  0.200000E+01 0.200000E+01 0.200000E+01 0.200000E+01 0.200000E+01 0.200000E+01
  0.200000E+01 0.200000E+01 0.200000E+01 0.200000E+01 0.200000E+01 0.200000E+01
  0.200000E+01 0.200000E+01 0.200000E+01 0.200000E+01 0.200000E+01 0.200000E+01
  0.200000E+01 0.200000E+01 0.200000E+01 0.200000E+01 0.200000E+01 0.200000E+01
  0.200000E+01 0.200000E+01 0.200000E+01 0.200000E+01 0.200000E+01 0.200000E+01
  0.200000E+01 0.200000E+01 0.200000E+01 0.200000E+01 0.200000E+01 0.200000E+01
  0.200000E+01 0.200000E+01 0.200000E+01 0.200000E+01 0.200000E+01 0.200000E+01
  0.200000E+01 0.200000E+01 0.200000E+01 0.200000E+01 0.200000E+01 0.200000E+01
  0.200000E+01 0.200000E+01 0.200000E+01 0.200000E+01 0.200000E+01 0.200000E+01
  0.200000E+01 0.200000E+01 0.200000E+01 0.200000E+01 0.200000E+01 0.200000E+01
  0.200000E+01 0.200000E+01 0.200000E+01 0.200000E+01 0.200000E+01 0.200000E+01
  0.200000E+01 0.200000E+01 0.200000E+01 0.200000E+01 0.200000E+01 0.200000E+01
  0.200000E+01 0.200000E+01 0.200000E+01 0.200000E+01 0.200000E+01 0.200000E+01
  0.200000E+01 0.200000E+01 0.200000E+01 0.200000E+01 0.200000E+01 0.200000E+01
  0.200000E+01 0.200000E+01 0.200000E+01 0.200000E+01 0.200000E+01 0.200000E+01
  0.200000E+01 0.200000E+01 0.200000E+01 0.200000E+01 0.200000E+01 0.200000E+01
  0.200000E+01 0.200000E+01 0.200000E+01 0.200000E+01 0.200000E+01 0.200000E+01
  0.200000E+01 0.200000E+01 0.200000E+01 0.200000E+01 0.200000E+01 0.200000E+01
  0.200000E+01 0.200000E+01 0.200000E+01 0.200000E+01 0.200000E+01 0.200000E+01
  0.200000E+01 0.200000E+01 0.200000E+01 0.200000E+01 0.200000E+01 0.200000E+01
  0.200000E+01 0.200000E+01 0.200000E+01 0.200000E+01 0.200000E+01 0.200000E+01
  0.200000E+01 0.200000E+01 0.200000E+01 0.200000E+01 0.200000E+01 0.200000E+01
  0.200000E+01 0.200000E+01 0.200000E+01 0.200000E+01 0.200000E+01 0.200000E+01
  0.200000E+01 0.200000E+01 0.200000E+01 0.200000E+01 0.200000E+01 0.200000E+01
  0.200000E+01 0.200000E+01 0.200000E+01 0.200000E+01 0.200000E+01 0.200000E+01
  0.200000E+01 0.200000E+01 0.200000E+01 0.200000E+01 0.200000E+01
  0.000000E+00
;----END-OF-DATA-----------------COMMENTS:----------
*******************************************************************************
*******************************************************************************
